0 0.80390625 0.73046875 0.146875 0.259375
0 0.7328125 0.728125 0.15 0.25
0 0.6671875 0.72109375 0.1328125 0.25
0 0.6046875 0.72265625 0.1328125 0.2625
0 0.53125 0.7203125 0.1203125 0.2625
0 0.46171875 0.71015625 0.10625 0.2625
0 0.390625 0.71015625 0.103125 0.271875
0 0.3109375 0.70078125 0.0796875 0.28125
0 0.2359375 0.70703125 0.0765625 0.29375
0 0.1609375 0.69921875 0.0828125 0.29375
0 0.6734375 0.91328125 0.1203125 0.16875
0 0.5796875 0.91796875 0.153125 0.159375
0 0.475 0.9109375 0.1375 0.178125
0 0.365625 0.89921875 0.1296875 0.1921875
0 0.25 0.89921875 0.1203125 0.196875
0 0.78125 0.5578125 0.2796875 0.096875
0 0.80625 0.49140625 0.28125 0.0890625
0 0.515625 0.5359375 0.2765625 0.1453125
0 0.54296875 0.4578125 0.2796875 0.146875
0 0.23046875 0.521875 0.2984375 0.125
0 0.2390625 0.4171875 0.3015625 0.1328125
0 0.80078125 0.390625 0.25 0.1234375
0 0.78828125 0.30546875 0.240625 0.134375
0 0.5484375 0.359375 0.2890625 0.1328125
0 0.5328125 0.2796875 0.2671875 0.1375
0 0.24765625 0.321875 0.29375 0.134375
0 0.25703125 0.23046875 0.2890625 0.1296875