0 0.19609375 0.26953125 0.146875 0.2609375
0 0.26640625 0.27109375 0.15 0.25
0 0.334375 0.278125 0.1328125 0.25
0 0.39609375 0.27890625 0.1328125 0.2625
0 0.46875 0.28203125 0.11875 0.2625
0 0.53828125 0.28984375 0.1078125 0.2625
0 0.6109375 0.2890625 0.103125 0.271875
0 0.68828125 0.29921875 0.078125 0.2828125
0 0.7640625 0.2953125 0.0765625 0.29375
0 0.8390625 0.30078125 0.08125 0.29375
0 0.32734375 0.0859375 0.121875 0.16875
0 0.4203125 0.08125 0.15625 0.159375
0 0.52578125 0.0890625 0.1375 0.1765625
0 0.63671875 0.10078125 0.1296875 0.190625
0 0.75 0.10078125 0.121875 0.196875
0 0.21796875 0.44140625 0.2796875 0.0984375
0 0.19296875 0.509375 0.2796875 0.0890625
0 0.48359375 0.46484375 0.2765625 0.14375
0 0.45625 0.5421875 0.2796875 0.1484375
0 0.76875 0.478125 0.296875 0.125
0 0.7609375 0.58359375 0.3 0.1328125
0 0.19921875 0.609375 0.25 0.121875
0 0.2109375 0.69453125 0.2421875 0.1328125
0 0.45234375 0.64140625 0.2875 0.1328125
0 0.4671875 0.72109375 0.2671875 0.1375
0 0.75390625 0.67734375 0.29375 0.134375
0 0.74296875 0.76953125 0.290625 0.1296875