0 0.19609375 0.26953125 0.146875 0.259375
0 0.2671875 0.271875 0.1484375 0.25
0 0.33515625 0.27890625 0.1328125 0.25
0 0.3953125 0.2796875 0.13125 0.2625
0 0.46875 0.2828125 0.1203125 0.2625
0 0.53828125 0.28984375 0.10625 0.2625
0 0.61171875 0.28984375 0.103125 0.271875
0 0.6890625 0.29921875 0.0796875 0.28125
0 0.7640625 0.2953125 0.0765625 0.29375
0 0.8390625 0.30078125 0.0828125 0.29375
0 0.3265625 0.08671875 0.1203125 0.16875
0 0.4203125 0.08203125 0.1546875 0.159375
0 0.525 0.0890625 0.1375 0.178125
0 0.63671875 0.10078125 0.1296875 0.1921875
0 0.75 0.10078125 0.1203125 0.196875
0 0.21875 0.4421875 0.2796875 0.096875
0 0.19375 0.5109375 0.28125 0.0890625
0 0.484375 0.4640625 0.2765625 0.1453125
0 0.45703125 0.5421875 0.2796875 0.146875
0 0.76953125 0.478125 0.2984375 0.125
0 0.7609375 0.58515625 0.3015625 0.1328125
0 0.19921875 0.609375 0.25 0.1234375
0 0.21171875 0.69453125 0.240625 0.134375
0 0.4515625 0.64296875 0.2890625 0.1328125
0 0.4671875 0.72265625 0.2671875 0.1375
0 0.7546875 0.678125 0.29375 0.134375
0 0.74296875 0.76953125 0.2890625 0.1296875